layer 2 transverse iso; (K&C, 1977)
2  3.31  100.
235.072   64.888   64.888   0.      0.      0.
         201.572   67.888   0.      0.      0.
                  201.572   0.      0.      0.
                           66.842   0.      0.
                                   69.309   0.
                                           69.309
isotropic mantle: (vp=8.55  vs=4.70  rho= 3.50)
1  3.50  200.00
 255.86 101.23 101.23   0.00   0.00   0.00
        255.86 101.23   0.00   0.00   0.00
               255.86   0.00   0.00   0.00
                       77.31   0.00   0.00
                              77.31   0.00
                                     77.31








olivine Kumazawa and Anderson, 1969  (horizontal a-c plane)
2  3.311  100.
323.7   71.6   66.4   0.     0.     0.
       235.1   75.6   0.     0.     0.
              197.6   0.     0.     0.
                     64.62   0.     0.
                            79.04   0.
                                   78.65
olivine Kumazawa and Anderson, 1969  (horizontal a-b plane)
2  3.311  100.
323.7   66.4   71.6   0.     0.     0.
       197.6   75.6   0.     0.     0.
              235.1   0.     0.     0.
                     64.62   0.     0.
                            78.65   0.
                                   79.04







layer 1;  model 1 of Keith & Crampin, 1977.
1  2.9  30.
152.43  50.118  50.118   0.     0.     0.
       152.43   50.118   0.     0.     0.
               152.43    0.     0.     0.
                        51.156  0.     0.
                               51.156  0.
                                      51.156
layer 2; model 1
2  3.324  30.
324.   59.    79.    0.      0.      0.
      198.    78.    0.      0.      0.
             249.    0.      0.      0.
                    66.7     0.      0.
                            81.0     0.
                                   79.3
layer 3;  model 1
1  3.6  0.
360.   126.07   126.07    0.     0.     0. 
       360.     126.07    0.     0.     0.
                360.      0.     0.     0.
                        116.96   0.     0.
                               116.96   0.
                                      116.96








